1 401.8747155226915
2 400.1635481137647
3 400.3003463843989
4 365.0429386240183
5 340.282580077259
6 348.22817281314803
7 329.6908248626952
8 330.78797996653077
9 330.3243719194867
10 331.66130940936466
11 317.3608732825031
12 313.694895728034
13 330.1974012230135
14 337.2627536220693
15 328.02180679447974
16 326.22517577761204
17 330.47486765721226
18 329.84398463045403
19 325.4661357121468
20 328.7065849370725
21 329.65664607348583
22 332.69778178103087
23 333.1714566129743
24 335.3628954922405
25 330.22611749462504
26 341.5722023689236
27 342.6076652813837
28 327.14026600884205
29 347.8423448694395
30 345.66766169602647
31 330.9872539581409
32 334.54160710590054
33 335.6871393625547
34 334.26773323340086
35 336.16159439550455
36 342.7106863281241
37 343.95155919586296
38 342.1935439248832
39 337.0133596220371
40 341.29533663132116
41 335.48146792821797
42 342.2761337285005
43 339.7699887289921
44 347.4926560282266
45 348.8328689417928
46 341.07375033074504
47 340.38428046130247
48 350.69497713301445
49 347.3987814648249
50 346.51248874222017
51 345.0375629250047
52 342.8244723634169
53 340.52721491379634
54 346.6989414615827
55 341.2427562907596
56 346.79458617048596
57 352.4052973941968
58 345.24705160192633
59 349.3556929872505
60 351.53273327389223
61 348.2704310084982
62 344.44945380879665
63 344.82326281543817
64 345.2354745092571
65 339.1291834187871
66 345.4879959163919
67 347.5940456730543
68 350.7359528134734
69 354.2122619529704
70 355.6272234221254
71 353.3984480755991
72 352.05585945290693
73 344.031637951775
74 354.57597153345813
75 358.7805267746124
76 348.320192973221
77 354.9742068732001
78 354.0704619428247
79 353.88915548031076
80 350.37874628055994
81 347.4487514239555
82 346.27875556940154
83 344.38976107347054
84 351.0785432963725
85 355.3585633137262
86 352.8145634195551
87 356.69918854821356
88 357.3924227654937
89 350.844026351594
90 354.01914009645867
91 352.09412090811765
92 352.97516681581743
93 345.7845873451012
94 351.6345196902552
95 350.1301699665964
96 349.5341056943236
97 355.86316491500514
98 356.3381976516123
99 356.23215127109864
100 350.62509785568983
101 347.31669332201346
102 352.07972934126053
103 351.2811598603952
104 354.64713891156237
105 356.5099466480195
106 350.86483914635295
107 361.1221624743416
108 348.1158084754036
109 355.7228744081262
110 351.7731992975149
111 356.1851972937098
112 354.2769199591459
113 350.39919341601484
114 345.98353176495726
115 355.9728058156013
116 349.18084261132833
117 343.2938763280206
118 350.9003126007743
119 348.50119181149535
120 346.7907203147872
121 345.49444319884327
122 353.37883156207766
123 354.7075704755975
124 356.1420693119056
125 354.10566405574735
126 350.74891083346847
127 347.18487037593434
128 349.9358160517722
129 348.56606615687986
130 350.6623132127084
131 348.6992563752922
132 354.7438462134825
133 354.6066098291001
134 354.32535826178565
135 353.4065628440421
136 354.79932184948416
137 354.0073071743208
138 350.444234942602
139 344.1772866763886
140 346.0146743505801
141 348.4325978182053
142 352.3051116014007
143 352.9291219035579
144 349.64705183703666
145 360.96508727347515
146 353.60394635548903
147 355.04565653096495
148 354.621918323226
149 351.6607268223771
150 352.87430950225814
151 347.6967073710976
152 357.247168774301
153 354.7025805976604
154 356.8820471634099
155 351.5963802397673
156 351.8648658881033
157 348.86476585319616
158 352.03328286771296
159 352.44963502410116
160 350.48325549351324
161 355.51084587677406
162 350.9214222480324
163 352.92033217532884
164 352.2300336560361
165 348.6430928073115
166 358.22012503871264
167 345.442715713313
168 348.8369001284481
169 347.45816348254186
170 344.48945061853766
171 353.5075911030281
172 344.8995417727358
173 350.86601122031084
174 353.6885060525961
175 345.9869894588423
176 350.8924589774217
177 350.8924589774217
178 350.8924589774217
179 352.8054717553745
180 352.8054717553745
181 352.994147377245
182 352.994147377245
183 352.994147377245
184 352.994147377245
185 352.994147377245
186 352.994147377245
187 352.994147377245
188 352.994147377245
189 352.994147377245
190 352.994147377245
191 349.46356467586173
192 349.46356467586173
193 349.46356467586173
194 349.46356467586173
195 354.06042552974407
196 354.06042552974407
197 355.93442856969205
198 342.6587036498032
199 353.38427848666396
