1 393.9050739040085
2 318.8732258763216
3 352.97178253834625
4 359.7706866155129
5 335.47982118801406
6 341.5083075230216
7 336.6067129403085
8 344.6429438958446
9 335.60019571973066
10 334.01213683868457
11 344.92919150242534
12 341.41987945526165
13 340.4820497183022
14 345.5153490497995
15 348.1162343639616
16 350.64538251102834
17 351.2221749945836
18 344.123854453802
19 345.4671084537226
20 350.6182483087661
21 346.83575572908876
22 357.1478822136283
23 347.5517924187817
24 342.7226422337558
25 350.8357335549331
26 352.1949069987731
27 344.6125213029398
28 349.42521069418524
29 348.3841089249762
30 348.7510223642647
31 357.4145825488158
32 358.8988586586943
33 351.77680399197953
34 349.9839652130126
35 354.808136468151
36 356.6162427551239
37 356.4866187906386
38 356.83276713007336
39 358.4652136732506
40 355.80695026663676
41 358.76906552812227
42 359.1426880670914
43 355.7554151174749
44 357.9020631827501
45 358.52503425571564
46 357.50766190659715
47 351.9370281982641
48 353.97759439511344
49 355.52260977645125
50 356.6211125559034
51 362.4241338488352
52 346.85138997771884
53 353.3284729381968
54 350.94149799502514
55 354.54559944151555
56 341.8169543479717
57 349.8650117923658
58 342.1314373836815
59 356.18096824173824
60 352.975872084287
61 351.58829414791825
62 360.24509865538994
63 349.6664062913749
64 350.4374221512875
65 354.19292561437817
66 356.92171575966097
67 360.53794505509074
68 355.51110173679
69 355.19518263514453
70 352.89910734052944
71 351.9731555211189
72 348.79618738824587
73 356.8223788484708
74 354.6078852395292
75 354.6388253636469
76 353.811514545461
77 346.3455913100581
78 346.21719012567496
79 348.25489000693415
80 357.03354878279276
81 352.14932287015057
82 355.38266189322775
83 348.23870867871614
84 355.7763983199859
85 355.7763983199859
86 349.08256651641716
87 359.88789235256183
88 350.33461779005484
89 353.7866583079024
90 347.3869113836337
91 342.1130597202503
92 350.3285524009891
93 351.5345403783917
94 353.3808281207007
95 348.1355071811741
96 354.6246343661121
97 352.7323249149817
98 348.1033727950012
99 352.61528338387603
100 357.25237115084985
101 348.0805217298174
102 339.8986638986401
103 354.13295401874774
104 356.25641881154576
105 354.5607356826689
106 354.33270091648546
107 349.1312523602859
108 353.9152181785755
109 348.36412421818835
110 350.23785062725415
111 351.95000337834716
112 351.5105808881096
113 354.0492716619596
114 353.2660706889497
115 350.1361928994662
116 349.95491961215026
117 350.1400529849107
118 358.4150142091888
119 348.62233291194684
120 352.53415950521725
121 354.23653169775514
122 357.31891861178985
123 354.4573613266139
124 358.2731677456577
125 348.97705843386245
126 349.2247901146804
127 346.9309031447488
128 355.5506244480864
129 354.5923635525433
130 351.61642772698195
131 352.5454571780819
132 354.60935518872986
133 352.92168717377257
134 351.94985331271937
135 348.4203694042437
136 353.8788023830419
137 344.58848112941405
138 342.6448622725327
139 342.024344240666
140 343.2099550574575
141 344.82452412033973
142 351.7511069409347
143 351.9628964263706
144 346.5776501080282
145 347.28610648426405
146 343.8318682040212
147 345.4288578976898
148 342.1488122269176
149 350.4599741450712
150 344.2380816881632
151 348.09030168506393
152 350.11115047535355
153 352.56801040795045
154 345.3770525606514
155 355.8377460329204
156 348.4893255404153
157 349.73339042190145
158 348.92199668107224
159 348.83406729253437
160 347.59093876157146
161 352.9867827002305
162 343.68509577043
163 355.9712237411215
164 352.0535149364646
165 352.3261382836894
166 349.3555099101484
167 349.12276489376245
168 353.88551401983227
169 351.6289595322173
170 348.28549397349644
171 350.162173958291
172 353.5115059561646
173 356.79276682280477
174 353.28211878103673
175 352.9597863824221
176 351.658251770802
177 350.17474865260806
178 349.51681988602553
179 359.4350026604965
180 351.8153654248427
181 356.3748832979882
182 352.9633924041779
183 348.03995316129595
184 353.5071660056743
185 353.127427741605
186 349.59871489982476
187 351.6990765577746
188 353.2473121576415
189 351.1905195929368
190 348.2415434194507
191 350.92958664656067
192 351.3728537214451
193 351.3728537214451
194 351.3728537214451
195 355.924942933985
196 355.924942933985
197 348.5268390341963
198 348.5268390341963
199 348.5268390341963
