1 535.3621679120943
2 536.6454526309278
3 530.3819523042386
4 548.8391954077929
5 541.523275890602
6 543.3729940967997
7 537.4059286728091
8 548.9369369687564
9 541.0024991780734
10 527.3974260241894
11 512.275539695364
12 471.8876317882474
13 460.9539498610086
14 463.008056872516
15 462.03341998726484
16 461.9787609038874
17 467.5016984680926
18 451.82246357675984
19 455.7973356399691
20 446.2573584485465
21 447.5223611167789
22 455.3888129039491
23 447.15889416334556
24 444.39255498546027
25 442.33827471493566
26 443.7230282204031
27 442.9566222724832
28 438.4008193062478
29 436.4572323328398
30 435.6507940634373
31 432.4254493007069
32 435.73452065428194
33 426.2057635373067
34 443.42912020892743
35 435.6059319253212
36 434.5698017209404
37 442.5004721195368
38 436.9003069173764
39 435.50392510498796
40 440.4720109337376
41 440.51255309216697
42 434.20247452652643
43 439.50107826248336
44 443.46302635446835
45 439.948115123914
46 443.43190271491875
47 443.495687108994
48 441.0674120763797
49 444.83623226208687
50 440.65832384795596
51 443.716003822931
52 438.95337151363043
53 439.91933508539614
54 448.71757982929705
55 444.00955733203034
56 447.85548527739314
57 449.67701555710653
58 442.58822678256564
59 437.7716512219987
60 438.94802938132847
61 450.1570894625628
62 450.2375973760754
63 451.4190563900039
64 455.44820769900014
65 453.25823346499783
66 451.16938782310035
67 457.28274098110853
68 456.63342957714417
69 457.4429227254044
70 458.6400647807989
71 450.5204944429882
72 454.31710780914835
73 454.94167206463226
74 453.89311276428583
75 451.476333209876
76 457.7296931173764
77 454.77257119154956
78 448.7414356030372
79 454.0482509980994
80 459.40117057704657
81 452.3110782598184
82 453.65443880671853
83 452.3769291716417
84 449.02004913987264
85 453.2116605569383
86 455.40504025679326
87 452.2195903108006
88 457.0469129804514
89 455.0703225517959
90 449.1118086993477
91 449.1481093935712
92 450.5348149159938
93 452.7670132543081
94 453.2385600411711
95 452.9488112659113
96 451.14236033902523
97 450.33601040095465
98 459.1922239669881
99 454.7455531763985
100 457.89574571346213
101 457.73596944353864
102 454.31666823088125
103 456.2479902117735
104 450.9327600176561
105 450.76056212732647
106 448.9810364448318
107 452.16417170416327
108 457.6286011809967
109 451.1181594588103
110 455.7889364762916
111 448.95591801974547
112 459.23221984024536
113 450.6623865375274
114 449.28327366723056
115 456.24733993115825
116 451.95704577982923
117 458.2411597694955
118 452.5817319650369
119 449.3371180902784
120 454.3927931949562
121 450.4694578992491
122 456.5614547566247
123 459.8098828897997
124 449.0595722592851
125 451.8770429878883
126 452.4732369627078
127 452.1849671453716
128 456.47150108476853
129 455.91143063151054
130 448.36688127336413
131 449.6259201396832
132 446.97117711544473
133 452.0519922922434
134 454.7557512562028
135 450.46751961606753
136 446.87412010407286
137 449.5725692092718
138 456.3915674391079
139 456.2792451389401
140 451.4128642141076
141 448.9843536640104
142 445.69943888509226
143 448.03703676895753
144 446.1162336955491
145 449.3150210343876
146 450.64572928641945
147 451.7379724553631
148 452.9777461796916
149 453.27455796667664
150 449.24157967946974
