1 622.9077152601897
2 514.3597887300789
3 526.6199509065847
4 521.7722591362317
5 518.0786665018194
6 509.04867319483856
7 511.15373967873825
8 510.63661770171217
9 508.74827362917426
10 466.1149480995484
11 489.0659090129513
12 484.0070412802387
13 485.79839462925594
14 471.55537856162823
15 469.27516244638537
16 484.10641597664227
17 469.10718132917714
18 465.77756353619156
19 469.32640312250686
20 469.5226606354818
21 463.84701235995726
22 469.7634761754474
23 465.1745899273473
24 471.71949940979226
25 468.5577267157039
26 466.0811609376737
27 470.8244693618547
28 466.8351921765881
29 463.8918593938648
30 466.6263362165253
31 468.8766286739403
32 465.64535972526613
33 463.5649527794734
34 467.4489946366858
35 466.57950502763913
36 463.6895421860293
37 469.6587282892993
38 461.3509566096143
39 464.9552982670491
40 466.7853746356594
41 465.243404318827
42 459.7715142641554
43 461.4246197522763
44 463.24434136506744
45 460.6813968906582
46 463.7973750177494
47 462.7183372251862
48 465.03647496066026
49 461.6105360562533
50 461.46965590195424
51 462.51669673432764
52 460.2763372563112
53 468.508578595537
54 458.8223803485946
55 465.2671255897038
56 455.6632140827685
57 459.98546511960774
58 451.0106399199959
59 456.8674447950617
60 457.73804123543505
61 457.5614891101631
62 452.5749642422016
63 459.6942366522357
64 450.70578760836986
65 454.6179201219194
66 454.37996195487506
67 452.463605468461
68 463.44416154116556
69 460.02793596103066
70 453.626909001107
71 463.22507164124215
72 454.47091464400813
73 452.57740925363777
74 448.3714882723187
75 458.782705905627
76 456.71914929772146
77 450.40294999506136
78 455.2771264823189
79 458.11494573605563
80 447.02665545503174
81 454.9561691876898
82 452.610812901733
83 456.52913692272045
84 449.06866615599256
85 449.06866615599256
86 448.6976244275412
87 456.36500758833455
88 449.6403840056946
89 450.76272962811765
90 452.7394279409185
91 455.06608204318246
92 449.2555548621158
93 446.66526919305477
94 450.8840759853079
95 455.51047246389606
96 454.7566772749976
97 453.43261074571427
98 446.434085991115
99 452.2902795955875
100 447.4609999308978
101 451.22427463496723
102 453.45082524363687
103 446.37116184505516
104 455.2150598368705
105 455.4378349589687
106 455.679124373227
107 452.00691224248845
108 451.39409032160034
109 454.31499149930204
110 444.1711150405088
111 451.80594384594605
112 456.45430510735827
113 452.656124992708
114 449.7761371563323
115 456.0163274208288
116 452.02072278119806
117 450.27730806331584
118 447.8710713920312
119 443.0411376976262
120 450.4844138491344
121 450.6938127320872
122 448.6264429454996
123 443.36993752091985
124 447.6851418601035
125 448.91287707361306
126 444.38856484744576
127 448.2746886992878
128 441.78292498752563
129 446.93896224532557
130 448.56511559259843
131 446.6498234298367
132 452.0111352153955
133 446.81639210474805
134 449.0715780394598
135 444.75219259008566
136 445.389707490206
137 447.926066282346
138 448.0122723685911
139 446.8222838096289
140 449.6851845220689
141 450.47720352398983
142 447.8293370459045
143 445.0202079646728
144 448.6956861642142
145 453.3523743818144
146 449.32667080687173
147 450.00420657477565
148 444.7903940115626
149 451.31156960706346
150 454.5680688176999
151 448.10059881256495
152 442.2000777614424
153 444.7722965450628
154 447.00554797045044
155 448.2662298811089
156 449.3731908150293
157 449.7137181535321
158 450.23885097894953
159 454.70743865272783
160 452.85612662134696
161 446.65672360753314
162 460.03607945541137
163 447.12892972498855
164 446.6182210186739
165 448.7028409262483
166 452.2137626755903
167 449.6728938859297
168 448.2081227819595
169 451.5083397815569
170 452.35010526812823
171 446.22946129676546
172 453.35585052280413
173 448.1359177975646
174 453.8969774275426
175 455.37034266657605
176 453.1773250050928
177 448.3289630873546
178 450.045664018884
179 460.6689541655923
180 450.32287887443357
181 457.5298850557756
182 450.6548538230664
183 449.86417803142103
184 455.7106804674402
185 450.40064195085034
186 447.4787778433828
187 447.59563762608485
188 455.92471714691794
189 451.9456586602727
190 450.42795991322924
191 450.9783765985098
192 449.4226519868375
193 449.4226519868375
194 449.4226519868375
195 448.97330427208385
196 448.97330427208385
197 446.7950147397172
198 446.7950147397172
199 446.7950147397172
